WHILE a==0 DO
FOR i <- 1 TO 100
a<-1
