a<-0
FOR i <- 1 TO 10
FOR j <- 1 TO 43
b<-0
