a<-0
IF a >= 21
THEN
